2000
2000
[[0, 19], [19, 0], [0, 0], [0, 0], [1, 19], [19, 1], [0, 1], [1, 0], [2, 19], [19, 2], [0, 2], [2, 0], [3, 19], [19, 3], [0, 3], [3, 0], [4, 19], [19, 4], [0, 4], [4, 0], [5, 19], [19, 5], [0, 5], [5, 0], [6, 19], [19, 6], [0, 6], [6, 0], [7, 19], [19, 7], [0, 7], [7, 0], [8, 19], [19, 8], [0, 8], [8, 0], [9, 19], [19, 9], [0, 9], [9, 0], [10, 19], [19, 10], [0, 10], [10, 0], [11, 19], [19, 11], [0, 11], [11, 0], [12, 19], [19, 12], [0, 12], [12, 0], [13, 19], [19, 13], [0, 13], [13, 0], [14, 19], [19, 14], [0, 14], [14, 0], [15, 19], [19, 15], [0, 15], [15, 0], [16, 19], [19, 16], [0, 16], [16, 0], [17, 19], [19, 17], [0, 17], [17, 0], [18, 19], [19, 18], [0, 18], [18, 0], [19, 19], [19, 19], [0, 19], [19, 0], [1, 1], [8, 1], [9, 1], [10, 1], [11, 1], [12, 1], [13, 1], [14, 1], [15, 1], [16, 1], [15, 2], [16, 2], [1, 6], [2, 6], [3, 6], [4, 6], [5, 6], [6, 6], [7, 6], [1, 7], [2, 7], [3, 7], [4, 7], [5, 7], [6, 7], [7, 7], [1, 8], [2, 8], [3, 8], [4, 8], [5, 8], [6, 8], [7, 8], [8, 8], [8, 12], [14, 12], [14, 8], [14, 6], [15, 6], [16, 6], [17, 6], [18, 6], [15, 7], [16, 7], [17, 7], [18, 7], [15, 8], [16, 8], [17, 8], [18, 8]]
ImageTk.PhotoImage(Image.open('summon_imgs/undead.png'))
Undead(name = 'Undead', img = img, loc =[5,5], owner = 'p2', number = 'b4')
ImageTk.PhotoImage(Image.open('summon_imgs/undead.png'))
Undead(name = 'Undead', img = img, loc =[11,14], owner = 'p2', number = 'b6')
ImageTk.PhotoImage(Image.open('summon_imgs/undead.png'))
Undead(name = 'Undead', img = img, loc =[14,17], owner = 'p2', number = 'b11')
ImageTk.PhotoImage(Image.open('summon_imgs/White_dragon.png'))
White_Dragon(name = 'White_Dragon', img = img, loc =[9,9], owner = 'p2', number = 'b12')