2000
4000
[9,34]
[[0, 0], [0, 39], [1, 0], [1, 39], [2, 0], [2, 39], [3, 0], [3, 39], [4, 0], [4, 39], [5, 0], [5, 39], [6, 0], [6, 39], [7, 0], [7, 39], [8, 0], [8, 39], [9, 0], [9, 39], [10, 0], [10, 39], [11, 0], [11, 39], [12, 0], [12, 39], [13, 0], [13, 39], [14, 0], [14, 39], [15, 0], [15, 39], [16, 0], [16, 39], [17, 0], [17, 39], [18, 0], [18, 39], [19, 0], [19, 39], [0, 0], [19, 0], [0, 1], [19, 1], [0, 2], [19, 2], [0, 3], [19, 3], [0, 4], [19, 4], [0, 5], [19, 5], [0, 6], [19, 6], [0, 7], [19, 7], [0, 8], [19, 8], [0, 9], [19, 9], [0, 10], [19, 10], [0, 11], [19, 11], [0, 12], [19, 12], [0, 13], [19, 13], [0, 14], [19, 14], [0, 15], [19, 15], [0, 16], [19, 16], [0, 17], [19, 17], [0, 18], [19, 18], [0, 19], [19, 19], [0, 20], [19, 20], [0, 21], [19, 21], [0, 22], [19, 22], [0, 23], [19, 23], [0, 24], [19, 24], [0, 25], [19, 25], [0, 26], [19, 26], [0, 27], [19, 27], [0, 28], [19, 28], [0, 29], [19, 29], [0, 30], [19, 30], [0, 31], [19, 31], [0, 32], [19, 32], [0, 33], [19, 33], [0, 34], [19, 34], [0, 35], [19, 35], [0, 36], [19, 36], [0, 37], [19, 37], [0, 38], [19, 38], [0, 39], [19, 39], [1, 38], [2, 38], [3, 38], [4, 38], [5, 38], [6, 38], [7, 38], [8, 38], [8, 37], [8, 36], [8, 35], [11, 35], [11, 36], [11, 37], [11, 38], [12, 38], [13, 38], [14, 38], [15, 38], [16, 38], [17, 38], [18, 38], [6, 33], [6, 30], [6, 27], [6, 24], [6, 21], [6, 18], [6, 15], [6, 12], [6, 9], [6, 6], [6, 3], [13, 33], [13, 30], [13, 27], [13, 24], [13, 21], [13, 18], [13, 15], [13, 12], [13, 9], [13, 6], [13, 3], [1, 9], [1, 10], [1, 19], [1, 20], [1, 29], [1, 30], [18, 9], [18, 10], [18, 19], [18, 20], [18, 29], [18, 30], [1, 1], [2, 1], [3, 1], [4, 1], [5, 1], [6, 1], [7, 1], [8, 1], [11, 1], [12, 1], [13, 1], [14, 1], [15, 1], [16, 1], [17, 1], [18, 1]]
ImageTk.PhotoImage(Image.open('summon_imgs/Kensai.png'))
Kensai(name = 'Kensai', img = img, loc =[9,13], owner = 'p2')
ImageTk.PhotoImage(Image.open('summon_imgs/Sorceress.png'))
Sorceress(name = 'Sorceress', img = img, loc =[9,9], owner = 'p2')
ImageTk.PhotoImage(Image.open('summon_imgs/Skeleton.png'))
Skeleton(name = 'Skeleton', img = img, loc =[7,7], owner = 'p2')
ImageTk.PhotoImage(Image.open('summon_imgs/Skeleton.png'))
Skeleton(name = 'Skeleton', img = img, loc =[6,8], owner = 'p2')
ImageTk.PhotoImage(Image.open('summon_imgs/Skeleton.png'))
Skeleton(name = 'Skeleton', img = img, loc =[11,5], owner = 'p2')
ImageTk.PhotoImage(Image.open('summon_imgs/Skeleton.png'))
Skeleton(name = 'Skeleton', img = img, loc =[11,6], owner = 'p2')
ImageTk.PhotoImage(Image.open('summon_imgs/Barbarian.png'))
Barbarian(name = 'Barbarian', img = img, loc =[10,9], owner = 'p2')